	mRNA	lncRNA	srpRNA	pseudogene	circRNA
T1-x43e2d13d666a9dc0	85.70330545028668	5.839481195553476	0.08839112519231747	1.8329596631627216	2.246645761981004
T1-7bb7514f4937f8e0	83.7714306432885	7.333199799433851	0.04492398737529834	1.548484743973067	3.4973501037761796
T1-7af2782c52f34d0e	86.64718010404795	6.066421251430484	0.06061272680042032	1.42562771616394	2.3177932286925205
T1-7c554febd3d70453	86.21993135720685	6.358789804581516	0.029734677107898153	1.239103274366487	3.352712549780043
T1-73a5dd20dd6f5a2a	83.35229296131781	6.456960126490623	0.05455636747493276	1.8830599291222618	3.2267495607711485
T1-5314116edad1ae3e	84.79438406834396	8.08034538437754	0.12568280979810587	1.5879980073978217	2.1472721963285735
T1-7063be29d010e3a7	78.99070062200283	7.583678800796627	0.12739168747720345	2.2649682542927447	4.283868274412885
T1-x6dd9133abb3bf553	81.10059135698648	7.227228374349701	0.1604365491985756	2.1328623599340055	4.1433749985254
T1-x13e82319506cc836	85.26681250157695	6.092279151133386	0.04477871501230499	1.3171399247348614	3.186559711419427
T1-338bd4e25c3b3da2	82.46171126004666	7.469726444830195	0.09486231977543008	2.2169596626511967	2.341030039592671
T1-747e9908ae0fcde4	79.41477806078096	12.947652750580174	0.028305571215219434	1.4045859752417957	2.9666394168031287
T1-52ad17fc98360993	85.792721087397	6.428429689319885	0.03771259584109541	1.297691584300676	3.092930605505342
T1-x6d92bf43aa5c0aed	81.0453833920414	6.720734274847404	0.10807799095110193	2.001276646882281	3.9657989733761383
T1-246a7ed4c9824e5e	83.59934687600008	6.537293386229727	0.04078378380743753	1.3325765870157622	3.693193338181878
T1-x43dc94006c4e406f	82.40372077327821	8.23627008128799	0.044198854497737784	1.859958711056255	3.839309348577353
T1-15b8155affe0ebb0	85.76857937892633	6.322318719157928	0.07723113775213482	1.376232963084524	2.233081126523749
T1-48924d20fc57cd2b	81.68196919409627	7.298983297039658	0.06573235739041598	1.6583017677140317	3.2813290591560524
T1-57a48c9567217565	57.7443440060454	15.015014353413425	0.5939647366484615	3.169207246546038	7.762740169068449
T1-79c5e6a3270fea57	79.03790536367794	10.384738322429893	0.17251117147610445	1.7162273059299418	3.493109072150417
T1-x369641a5ceb48163	83.60941888128902	6.96099478147484	0.06343112778984057	1.6614941087852206	3.0840389031860345
T1-x44465b6cd70f7e4a	78.36914583665778	8.095302508478015	0.1701415345075565	2.2034913888304724	4.4020687519748565
T1-34f7a9d2190877c3	83.05581616575331	6.270673674558952	0.051673677921664496	1.3190051901595083	3.92742370286178
T1-7b5655a39d239d95	83.1609681671742	5.807313312485012	0.04030509615946108	1.3577002737118584	3.1548056123976687
T1-x446996281d8e2aa5	81.90281435446491	10.66562658148283	0.03366523654953889	1.3205256728051031	2.8968736199799503
T1-10ae1c7ca9074153	85.17084685933426	5.7671328945055045	0.043659358556965906	1.4421072323592956	4.092760492875538
T1-x6a1f38bd6fdf3695	68.24744761232466	7.652260872975411	0.1359530439102187	2.236852425585317	5.385178503732173
T1-x2dfffb39e031d930	84.47841177386483	6.541507622823323	0.048374943677983485	1.5163104315411335	3.9158014614571997
T1-778da4d0b7f56305	87.09122140865315	6.035340654156999	0.07064570732762865	1.4936282578379187	1.7074288689511004
T1-46bbd5082f3263ee	82.2995816180611	7.143342478848555	0.041666373791499435	1.6034720155825208	4.578810364500718
T1-2caf1227f1d1a686	78.67548315093995	6.127602303456189	0.07101555193322412	1.616755889062128	2.971191436540633
T1-5dad438fde35640d	81.69639810426541	5.962748815165877	0.061990521327014214	1.5618957345971562	3.639905213270142
T1-79be2fee090d4c0a	83.06268832124829	6.595119894867442	0.03722114084153949	1.560892732536323	4.7332963942918
T1-x5bdaf2058401bf81	82.51180799797966	6.536770524798699	0.1297546309449555	1.6537184172112116	2.922527123834032
T1-27bdb54bffcadf4e	83.66278853019871	9.956066267668843	0.2082933045030164	1.2976988321618628	1.685512478957979
T1-72f02f385dfe39f9	79.24352797436548	8.026291523548261	0.24124576407939324	2.153864773277392	3.5164480509002045
T1-x2284b6509e6758ab	81.99836574471513	6.588807755276001	0.0384411711908248	1.5309741253397862	5.845417064240342
T1-5aab7a217e2fa1e5	82.14537021266347	6.6924216383052295	0.03946256926917472	1.6741161674812945	5.3579846433616005
T1-x179c86fabb1187f	79.58134957039749	7.215931768012758	0.04156680859595927	1.6063356832687998	5.654851415604404
T1-4a962b1ad9bb41ca	83.90831977781907	6.7764269240728865	0.05891001183649982	1.429363274362964	4.195250738484728
T1-3ea907b956efc41c	83.54681366549386	6.23385303459727	0.055371557157308314	1.4561945362797981	5.02083990763051
T1-x6223e9676843356a	85.80771953681162	6.504816643274243	0.042506817194601504	1.434540787379088	3.799933110851191
T1-62d7bd728afde8c3	84.79136174204397	6.665697571019083	0.03721562456548701	1.4513064712562214	4.338692167698426
T1-x1a6fe0a454b5f4d4	80.53661797035925	7.018762856103805	0.032062113691719296	1.6512256479762109	5.343870188271588
T1-7e36ee352f324f22	84.39563025794719	6.189607323269384	0.03872631987451042	1.5439164620286396	4.2948711677249145
T1-1eb8b5b196f27e18	84.70012076488473	7.015529514573712	0.0390412441412848	1.6082969723818599	3.4444896217045042
T1-xca8527a2e679c1f	80.09931178164283	8.012765313527268	0.07273444736868506	1.742993248236817	4.2897439413041365
T1-55a33983098db1bf	78.43697645986161	9.75559002076154	0.09235883449723793	1.6749291529110002	3.9248818908037233
T1-x4cd25d56f81b0c27	83.4765693192707	6.021817243318017	0.048755651193641884	1.486006685820301	4.461974624686853
T1-x12949a58c3f72b58	78.15374605377161	9.30104867595946	0.09832789464773585	2.2209755109764076	3.8559672284613122
T1-45a567d81abd40ed	81.54275328445529	9.71119813000182	0.03339282464651284	1.4815239331794143	3.3455398803768763
T5-xa74527976c5dc98	34.42197325051494	53.562518081494694	0.13228854232862453	1.3634374250467958	3.6365749383683763
T5-x3e7770eb082b0bfe	83.28412212432355	7.021110123368045	0.05965738981979785	1.634980736555176	3.4176073753228065
T5-x2af3881dabe6b2d5	83.46903162585375	8.032903490674205	0.0570683613872429	1.4881388944100782	2.799756450460757
T5-2a1062d54ab175f9	85.64562929130841	6.294071059698554	0.06261840739055113	1.6490976036572378	2.4621543749896917
T5-x51a956392f39a087	84.20090976173242	6.964346914330117	0.0942023897494018	1.4831982246412465	2.996257223423062
T5-x6be7132cea93da78	78.85559683189378	9.85848617556857	0.11192917593027872	1.7190357753137648	3.9249831026217734
T5-ac0ef95921011ba	82.82223659695237	6.355867482506899	0.07200660518067464	1.599912156164941	3.506456545339408
T5-5f5a70e04e7e3189	80.16792787761857	6.353605510313576	0.11680033635899506	2.069938969997979	3.3657408948090812
T5-x1ca5e8be11ebcb01	81.5296379464895	10.180303256900167	0.053716251602665535	1.441208710882778	2.6442697717162003
T5-x4a9248f6cf4e6db3	86.09959869336825	6.317163293670973	0.06923177196640948	1.2095814535736489	2.5379507884768415
T5-4c9fb1ed9d6ea9ee	81.68898285177355	7.50458794429407	0.08397514335756616	1.8069721129987386	3.9115677573391765
T5-x4f09d56a2c3720ff	82.40844755067349	6.873797006245237	0.1133444739884282	2.2100971235776687	2.990391425219073
T5-x2b1632e989b37ffd	81.54774511985543	7.0865650913829015	0.0837486695389433	1.979102712934093	3.63199112042918
T5-2c632fea2f92129b	84.06034591335431	7.258348824561339	0.055536459772106916	1.6941399929031418	3.0356033374019176
T5-7d31adebee340d73	84.64819737064593	6.224475193140617	0.0589357665104298	1.41363164201069	2.8675183416412295
T5-x3a443ec79ff06d1f	62.32373415031587	25.768769588862224	0.3022087826827677	1.5506511685948832	3.356488807785448
T5-x7be66f6f2adab0af	66.212459936767	23.699780782670977	0.20185358018796254	1.9220222979474602	4.587936535498014
T5-x74f2c596ab94f19	81.82592735228768	10.005880668577232	0.11826108171376555	1.5713988461583097	2.549090358537265
T5-5198f987b4e0a65	82.1275615284495	12.312807827128724	0.08187924302258509	1.311084734732514	2.0816000724734147
T5-x6acb1a0c993ae5f6	85.20260683663251	6.381365607785434	0.07558844110678312	1.4535604611070287	3.357073832895178
T5-x30c76d71a1104158	85.4319036926648	7.269583096480499	0.11144994556399274	1.5870159771829668	2.548714432689832
T5-x72b643fed18f9883	59.82416937742531	32.864383457518244	0.1549956244554932	1.5398700784869388	1.7258550827455417
T5-x4b037ed7325859bf	81.79145032020715	8.061161667366049	0.09077571187232149	1.7638333413620644	3.265503085399618
T3-34a8d790641d6d23	79.66327417500771	13.325973589031879	0.14726497883197356	1.4632573527350212	3.4543836038915523
T3-x4e4e501c8a95d380	13.212759898530912	81.86515119140859	0.03139569388786835	1.0744886225223502	1.384329320247678
T3-3a0e95db102442df	52.51828658923111	41.72649049951616	0.11970895336414122	1.2934903165017604	1.652334310447293
T3-40fbe7cf2e9e3e29	10.638182884144884	84.34560264010568	0.012975229170139461	0.9769503833165459	1.1431883809445191
T3-2c5bb6d176a60109	36.80880227639034	54.36032401528258	0.29934050859398714	1.4389600656533064	3.06977416884251
T3-x5d9644fe7b49b10	17.159032982894814	76.73154509495849	0.028301732393348576	1.453766984532245	1.907552730438573
T3-14df28b462f87b3c	15.020743363604206	79.42327682805762	0.029338378651322914	1.282161174844269	0.767239511821847
T3-x6cd97f1e92667a5	55.48364457415238	33.594478168154204	0.41871033406320507	1.3480662632524125	5.301917620289906
T3-xc7b26b2c5519d5c	43.77595492902169	44.69680258566239	0.3385529771699382	1.6819410553371759	4.407902218337213
T3-2a18506d2c29a421	41.08798398534567	46.06763718151359	0.3476153855072016	1.6578877196508004	7.015299714410482
T3-4436225e743e5123	59.61215266106832	28.656868164683726	0.3834860703303175	1.7245067182981608	5.155602841213711
T3-x36b0a4da8f93b349	27.112841401363568	62.9211298792172	0.17382317351655288	1.1681603404418341	4.132803191713666
T3-x423b5293a24acc8f	68.30956070298117	20.77300307067084	0.3791512234438056	2.032072712274548	5.804097633332009
T3-x44952f87773bd1e	75.82704551001984	15.326282870509033	0.13696600578348286	1.657128787483119	2.680536650930676
T3-x4113e448953a532f	52.31896237393833	39.40171324563298	0.05690499987176862	1.560297184596326	1.9029165763781442
T3-x6732663fec98c85	83.06009661647053	8.327952415187982	0.03401472642354275	1.9283420384179246	3.899161797393479
T3-x775a76c2179f76d0	53.631317720977634	38.313071795777006	0.05344984999729388	1.5395749976387973	1.895824792028437
T3-7a95da410f62dbb5	62.871247333326465	21.95401469633416	0.39410085436613046	1.8493058919314447	6.523276066411765
T3-x304745fcb89ccc9	60.41676509252029	32.98553974068958	0.041665832549262975	1.4891598102216086	1.8405834818062308
T3-x19e1f51da902106f	44.89678362974572	48.26523400134819	0.05005044273882822	1.477223615963051	1.4097813799276475
T3-2b3c3f8fe9e537cc	59.03232957629944	34.20442756290865	0.04328996772453616	1.4838451033751627	1.859490307178396
T3-6ac3a618fbb00d9f	75.48606864742065	18.113339920548466	0.07840878259355397	1.4604837958557237	1.6957607626051356
T3-x516fbfbf0aee8733	42.40973744947626	50.63919057928838	0.05250417579478443	1.4774622366844765	1.4044372945658836
T3-16a3beea3fabe544	71.69802838677693	18.802264135881767	0.0357959504780671	1.3708336528149923	3.9712077877199303
T3-78a0c594b9657995	81.44838916100832	9.221957983823161	0.08084084389168442	1.594887637421691	2.7138673949982746
T3-x45736837dcfb7b64	49.7888284557441	43.90505619705691	0.04133550200525249	1.4006967435314743	1.6096332868068608
T3-eac635cfe89571a	76.2305236998462	14.500031190657161	0.040704678842523434	1.4468631434118537	5.1050219049023005
T3-7b1e38344f3fe34a	70.81088836961423	20.420894313942526	0.04729840528020334	1.4850828106423974	3.8715768868117904
T3-x28ad2bd12b53ddfc	69.56307212560273	20.71469365954387	0.038815007427893115	1.3992933530533307	4.024404935920288
T3-x3ffa98d70c2d0da7	47.27747573946264	46.30067229639059	0.041063649516271936	1.4091213732750205	1.6256134030376785
T3-x12b6510830fa7393	78.56899797872907	9.68286921824096	0.04404248206290203	2.129733009890128	4.193452118498192
T3-2a1a25fa7a948b11	39.62380975185016	52.634020691051134	0.036477177018986826	1.5608101600598592	2.080890320837156
T3-x65f53c01d909783a	82.2999987817803	7.383629563755527	0.05150632865130898	1.9913019113866999	4.221326153958605
T3-x1c2798332895a2a3	42.919061933181204	50.94893389308213	0.03233305053341915	1.418875431513662	1.9624729389737288
T3-1e8832df71cfb8fa	72.55787299487946	15.086210577150236	0.07400456741009631	2.0831336949436854	3.5387466093099644
T3-90bab60d8f55e31	69.71940639726246	21.184911418118926	0.0508130797320068	1.4959562314224362	3.9977747083884423
T3-x746273e6e1a3bc3e	51.00727512254001	39.897073759512494	0.03753477486494842	1.4269194253499566	2.8147401268822585
T3-x1cff92f49d3394e6	64.98888927361716	24.10090698560189	0.09277609289422713	1.872529110917841	2.3655357692064847
T3-x56eb8f4fb81c874a	37.36280273056328	54.89011235040716	0.03909333718269122	1.525130861470347	1.9700833739022119
T3-769270af7798688d	82.35848617297462	9.057821404470433	0.06436978201489768	1.6360009745512962	2.590716498448513
T3-937ca26cd9fe7a2	44.25116208928849	48.64772556801358	0.05559217621563879	1.3270924372308897	1.4980462607824785
T3-x59a9af9f677e9f17	28.808925892842097	67.12215076649709	0.027159061086217986	1.3918537263050434	0.9448608459277058
T3-x6497424a2b9f056	62.762521616319574	25.990652592725645	0.16271673552190866	2.0381856027387126	3.554409729192862
T3-705cd8fa589d2a61	76.07149034185827	14.471264371737224	0.08787726929572987	1.4995082488987197	2.435114610585322
T3-x487d314788eab7fd	79.42736200728876	9.000192723612924	0.10747379855926079	2.115503370348228	3.839077519456114
T3-x7653e9d9ea4d23f7	55.381867056649234	37.184326235069086	0.04684095428674028	1.44606578463696	3.2732594790628866
T3-x3243cf162a69a2e5	64.66812898893349	26.505886902124402	0.05232572540450088	1.4612328642709904	3.968464203837082
T3-x73e13195319f4d9f	43.83567991059411	50.14936656138106	0.037571425369727254	1.4260269753768662	1.975370570846437
T3-x134ef03c77b27f05	58.06208113943265	32.97576233417189	0.038890487611474255	1.5243996280974983	4.070627275227883
T3-870820a5af824b7	28.79253461100705	65.52475029617835	0.037712886305703054	1.4323214123103087	1.580235464890975
T3-x2d939a0d190784a1	74.02543162462327	18.585049844059608	0.07471141186196759	1.3667289261765516	2.705445447109307
T3-398706371528589e	77.9198842660793	15.857714247818306	0.12209029898533506	1.4216326325009523	2.3424015005981302
T3-xd9ef48d64d060be	82.71131748674624	13.544491853855911	0.05416764764090401	1.290921144860596	0.8589201941904583
T3-556811a5537a0bb5	76.58651520417841	18.03913073797879	0.09002419863637637	1.3413852689771504	1.8647555948707897
T3-c22f374654e7a01	79.3130924918326	16.597271163366877	0.05152134612101606	1.3142393561217893	1.3407514733412418
T3-x5a25c7895addc570	58.93795378215157	31.389965895976253	0.36390985598034636	1.6140763680216719	3.862489935599626
T3-5719765a31206b11	11.189343446457542	84.79830096491443	0.03147760274132147	1.1328474450574184	0.8936176642233751
T4-x36f6d74a3dce1283	79.93744377277297	12.948422301834107	0.031230606738189302	1.417336642703579	2.859025722804198
T4-x4105e9ecbd80889a	76.24785797365287	8.578343477246547	0.13454974508278025	2.134557577500373	2.7407866992122263
T4-x188ea2fbd189a1e9	74.86224879588109	12.913868128217906	0.19166251453246969	1.887061949842219	3.741637601727288
T4-x5f34a144c99ba4b2	80.25617418774978	10.192383905495396	0.058129310058376474	1.6592686364310507	3.080468470775687
T4-58f7a7e1aaa5b962	81.36967186738453	8.657962630856922	0.06675749575179572	1.5851023991298472	3.241666839166656
T4-7d2b5ff73493d9cc	82.20444128026732	7.676681550587226	0.07336633995769833	1.6001119750060726	3.1276475571872355
T4-x587ae2029ab5f474	81.51782662350897	10.029939719367954	0.030891884822215197	1.3224401325970634	3.068687504112232
T4-c5fb32fdb91913a	81.12680307275687	7.449586359651869	0.024898644418007643	1.6755711524012267	4.80866688059608
T4-x6388ebd29ee6c9f5	81.08661208165678	7.573847831658183	0.08013782808527832	1.8058322530439843	3.7361362866854106
T4-x3fadd3e482bf43b6	81.23680278461536	7.563435063272618	0.019275277609965304	1.4026075695277338	4.855827312211348
T4-8d2fccabb635520	81.52639534807876	7.917972546359408	0.052955391910666415	1.9873763151200485	4.0143163006398686
T4-2d02c84c8b69340f	81.98028765734759	8.997843116532618	0.0899352206107057	1.3882822346832902	3.7277953714728085
T4-x3bab5ad17e33ced6	81.64915419356181	6.775654060107137	0.04275720758060138	2.085301216770463	5.807364323729181
T4-72bb157b1b3af028	81.256166713415	8.585691677619794	0.07331619712694139	1.8215187005894256	3.7026266479779126
T4-1ff4eb64fb91c4a6	80.74605366951667	7.940139013699104	0.05217347961893313	1.7302127247667454	4.512455176678292
T4-x6f62f38635a950d5	79.66698984324582	8.114283905849124	0.06971034283375536	2.084467551973765	4.559099188409094
T4-2a9d5ac37380dd79	73.17283650495322	16.43081819240899	0.06262655783562616	1.9302111188402908	4.374229373471794
T4-x68907dc8d6044075	79.43810072323156	9.72624007907304	0.09454686251604787	2.0132940507858645	3.353539117638808
T4-x3e352339ae6fc27	77.35631508333351	12.336509360099903	0.0595006156862489	1.7874130075602057	4.415961548089921
T4-1cb4abae1ceee807	83.09049092715017	8.111049035736585	0.028972084913317927	1.5974241885039733	3.2481087264402624
T4-x3f459dc314b0afde	79.27124637393035	9.012169532165798	0.20874523746892154	2.3219574048190816	3.012016791748138
T4-x8ca21371c9b7748	83.27159837824777	6.762466176388809	0.053057033045170905	1.443444191066272	4.2509746088157
T4-30d2a7429d06668e	20.052862935961915	73.25131336593066	0.016124255599716295	1.6074155844777627	0.2528584218542997
T4-x46095b8dcc624d3e	80.06008746851526	10.737479789355254	0.07593020270029348	1.7109691182117817	3.0657588903108706
T4-6bba25a3f80f1717	81.30403056127604	8.613427204893377	0.10753790859521935	1.737488907864115	3.4199705883994396
T4-776bf3ca1021c495	82.2679814962387	7.212252809208093	0.03921293946624472	1.6030800816639605	4.7892031792909755
T4-4f7e546439037853	56.03452121367799	34.71082577875989	0.048988381886912756	1.5424803923198787	2.002537717441848
T4-x3c994a887acac397	83.62542698699436	8.384395806160457	0.07171707677589895	1.6191063562961028	2.1352568617276737
T4-2477fa4d7de64bfd	78.79054059235038	9.556661620081602	0.08179046135784093	1.8547691080835391	4.4007102138394565
T4-3dd4ffdd04572aed	62.76068467364405	26.453166145483877	0.05046593038004236	1.7168650231446096	4.559203444219796
T4-x564da9b0084302c	78.39217601387183	9.57076503731496	0.1283273131724276	1.7351975394429902	4.696514330421138
T4-6561bc2b9b7b2a5e	83.25010269035798	8.161452535241	0.06037564521156062	1.4044269804080478	3.724138390000048
T4-1b815eef5a3b5d2	80.87282130068523	10.791233870671157	0.07907003486540481	1.702712208382304	2.697290485126908
T4-51957e20151e01e6	79.47665476221172	11.726291550924039	0.07458920684968341	1.7097372197248057	3.2886868037354064
T6-356b46b45f656419	83.51982820339128	7.68485010284884	0.13444832323193404	1.814123472963949	2.970695563652577
T6-3f7b3e90f52e0735	87.42701528144909	6.411915054747405	0.0988038452731204	1.511875423202084	2.4163373446401444
T6-2923fe63d3d31113	53.57302428215813	35.85311254775734	0.27013103064676436	1.804064959104213	4.170276012364479
T6-x22969f6f5f6cfe37	44.70352847610787	34.47724134475989	0.45683260638814177	1.8041600260510442	10.811496275514838
T6-720f54e3f26b5455	84.53218493642359	8.167028691695451	0.166721542447677	1.5066601358670044	3.8005647357760233
T6-x5165cc4f3aeeda76	65.69762670665449	26.68033957091768	0.13557606943339512	1.6636723277644734	3.3925893672822864
T6-x5b3448933e01d092	76.52969369632386	14.985452614736866	0.17636229977965448	1.6089183891448218	4.3563443916359335
T6-60d00f02608cbdfd	46.49615559282643	47.190486738148444	0.13528075170646073	1.4044015381467536	2.589336544651669
T6-x689b848b67637b19	84.39695051529476	7.374584261579144	0.028557364013303627	1.4841940512328575	4.898929019961755
T6-61ca3af01b7adb71	77.01386730779576	15.281983581505868	0.16373525158134206	1.5739944415134308	3.580815271464053
T6-835e2ba676973be	67.01192528697928	24.58998898706352	0.3194538843125575	1.6072414212373851	3.582572093621332
T6-x37b5bb2adef46e64	77.48266996361184	15.352375064978855	0.21900332972729952	1.5116680950306982	3.3099456285035895
T6-5a62d290e800bdd6	44.66191859957256	43.834403880758686	0.26865596313356893	1.8889387118878318	4.535510533681965
T6-x7fd9151423185d21	78.57207410754631	8.296430185268866	0.19719541013237724	2.604875808375249	3.271132577244746
T6-56561084c4ef4d9d	81.39846256185702	6.988988542241708	0.044223361039095146	1.4290281363840676	5.709375600092089
T6-x625efe02e40c120c	82.89462636481632	6.370906096905705	0.035153194286008056	1.2420530656423874	3.2845906141566736
T6-x52882f3248b21561	82.29648998041377	7.073795353962209	0.04570261004705568	1.5044831782434174	5.047252077772157
T6-48697e350402cf41	84.93790643452499	6.528835810238432	0.04003864504339738	1.446762068355378	2.8144176702425336
T6-3248211a1be6610a	81.24370344197239	6.62872427719164	0.05701578921240827	1.636813072895526	5.6683379617597565
T6-af15b56ddb87f4f	85.37323711744486	7.022813398965322	0.03882746859279337	1.24913328659178	2.951985894193856
T6-e9f86850688f32f	72.2835818443662	8.304740418681313	0.3000750187546888	2.6277372262773726	3.4222789273960816
T6-x732eb5e49548a4ce	83.35454934860638	6.462924781018202	0.05300906589756288	1.7334800800199957	3.558204511856655
T6-4d2cf4dbdb1c0de0	83.87357751834213	7.074244147346135	0.08262245070899951	1.4268415196390283	2.384261021853346
T6-x5f37e00c7612499d	80.24469628888208	9.38533095839006	0.07246805755111778	1.5921895936586863	4.481494635749353
T6-x4b7e27391fc51b19	81.78377778886438	6.864992213249642	0.040019482129955285	1.4054016610059141	5.298059001278829
T6-x6857bd619d3f3395	82.93220620838203	7.293788859526824	0.039059513742155196	1.6367480984495202	4.617660480141988
T6-x6d9655ebbdc1c01e	83.14667173192113	6.665520693868751	0.05645078412641692	1.7734202549598024	4.751732446257397
T6-x4adb88e28342593a	79.3464486253348	11.610469146978845	0.11114981604552064	1.6028955532574976	2.8066606723251617
T6-c80c5d4c7785738	84.84074736338151	7.2005413345631055	0.047800294290981156	1.25210634183242	3.394310960768323
T6-16e36f880e967d51	81.54248982912375	7.371984360438351	0.04921238605502915	1.7037048416805953	4.957263245873608
T6-x6f3d43a81ae9cb9	80.26676191566969	7.317980255244033	0.03701252019673578	1.4782684093610614	6.259386588655662
T6-x6dc7f305be52323b	85.0831055541207	7.038804675421739	0.05804682150304777	1.2369692261269185	2.633457225211833
T6-2b0e7adaba51dfaf	78.41291843687249	14.763736413299524	0.14280300095690573	1.6508194421469866	2.5751024433551586
T6-611c3e07796d3b19	64.86816853370769	27.48975477038845	0.10877703773805093	2.143938342074396	2.2567189199641207
T6-4eb92fc4e4ceaa2b	57.472754472653634	35.15559293523969	0.1395153971146719	1.9954236454687124	2.1388895530829055
T6-x3624c0759488825d	64.85333729886476	27.995102794009803	0.1482004711321705	1.918917274733594	2.2434543383702343
T6-28bd6c5eb1cb5484	48.599413899244894	45.457928507013264	0.10614505548800818	1.6848695666738027	1.6064645897896617
T6-x392d34cd9cdb003f	85.85407694423671	7.980192296120553	0.053430512932924154	1.3417801359912662	2.158603467691329
T6-x12ca9b906774e170	62.73142241919665	29.360357503668688	0.17174629628264027	1.5072968209605697	2.9069295832810993
T6-2794a7efcb2c4932	66.791599571338	24.07060579366994	0.19177574917662107	1.5476718154733515	2.722452575057931
T6-x454d008c754cd24d	57.45691769375988	36.94951178614408	0.11039707299823763	1.4098529654999343	1.837788664997462
T6-x71de74c77e4a38ff	85.26052992760089	8.446423689509555	0.14414134363231562	1.4696310934527173	2.0636821637114453
T6-x513c99fb4ee43632	84.62094743314336	9.366879835854892	0.19324231785035406	1.7131707516750936	2.3169463961501626
T6-x3285027058a1114b	75.04923509933118	16.84810254359904	0.31480774064830014	1.829665359668586	2.858505746898932
T6-x5808bfdd82b89bd3	66.63957830002197	24.30631817849037	0.3972960441223125	1.7160846328428143	2.942870390706982
T6-x2fdc39d4e559e73f	83.54963436571249	8.244450310235152	0.16424213984045055	1.8755865790708588	3.670029720006257
T6-69ca4a69b84a2c99	85.37679501663656	7.246697338430893	0.11438520768240355	1.8913002442659483	3.592498471576967
T6-x19d30d31b8fedf0a	45.15871754037986	47.810091511172395	0.1526055010959968	1.794776226382637	2.175182253452846
T6-14370cadc8c14900	79.76913908872359	11.513645173473611	0.1931379488930753	2.352935855132969	3.3986851240809552
T6-x2f8509ab86005255	81.93609992277646	11.566612514058852	0.13240152396333005	1.5493733998545247	2.460066457105688
T6-1698f8af052ad518	76.01853433181354	17.870777203323897	0.11463201312445982	1.598896634528301	2.2424402386830002
T6-3ebf1ebade924706	84.0780635545187	9.669258718462427	0.06213410418155296	1.387071626894819	2.357880880252409
T6-x1545cb4601978780	62.148751948959294	32.424382428326446	0.06909713756528117	1.3247288872133929	1.8256703293100944
T6-x3f64654141b39a84	75.23896639685344	17.080085361682727	0.14375391894202813	1.4695141936954914	2.6981915863877335
T6-x53e72c35958762bc	60.597145553159834	32.06596847081428	0.12482958352311678	1.9692916115452601	1.68994072537958
T6-x5fa5842c3d67233f	52.991810997945024	39.86101467161062	0.15527150023004918	1.5701443921875102	1.7199809213775217
T6-x1f4d54f1059d11a9	74.85302335573839	17.181150298177624	0.22020848897991988	1.6804400066141003	2.6925300501005998
T6-x3753395317d3971e	71.10681811579467	20.529878279057606	0.30691688696511055	1.6921825523632454	3.7325334805217434
T6-x6e30c815fe2f0c3b	62.234381615741455	27.825159087983447	0.36912444611946293	1.7683852666613935	3.9697938331402423
T6-x1204c423ffa553cf	78.89826975423233	11.62678116460567	0.19403757759403129	1.7892660834781582	3.292228372812104
T6-x5a7bb7dac0651f60	80.30715681096525	12.683236717127688	0.11443346420533966	1.6653833998298875	2.377437411576552
T6-9e7445563046dc8	87.10022435166685	7.179981841410488	0.04252293769823015	1.285644326385132	2.24181683028734
T6-x7f66c38b3f52040e	81.40906803211593	12.305541538074133	0.13422271887337073	1.5921372671933824	2.290870216750154
T2-64f8eb68c44aa5a3	70.52624089928143	15.572070576517186	0.30859439846325326	2.0853392463300686	3.5527189508383334
T2-x7b8990244662ff4c	83.46591879828075	6.957974862991649	0.012564604815016523	1.4279601161893776	3.977289549007231
T2-6fd770a94f8bb0e2	83.85771509043511	6.005480619341205	0.012931764054838025	1.3112196597094288	4.0333942529098
T2-x190d695c2be70bd2	67.13094910070694	12.010836528693035	0.47872552999501505	3.083530874220967	5.511653685408337
T2-53772c6926dc77d4	82.12952588152311	7.1487761194240775	0.057869951239796574	1.7699266680315684	3.9099313209452315
T2-509d5974bec3d6bb	82.12029513970643	7.126254500231209	0.04071376613743645	1.8900312987077184	4.637684041870833
T2-3b32a208974a9e8f	82.85155151898557	8.247491294717088	0.07382061860414957	1.365139972646663	3.3208900167540323
T2-1126f6b9bc219e7a	82.36382551609202	6.568099970513305	0.05091423728158269	1.7228071006574468	4.95991797090156
T2-x516e022ffb8fedab	80.74126727422095	8.396105804005062	0.0835879606701686	1.6095832546076383	3.831021225557232
T2-x61005711dfed7ced	79.98895370838227	7.680497498725848	0.06522780515654017	1.5780885321993934	5.2001347428838915
T2-6955083cf7958d7c	78.04931328663604	6.42018504739132	0.037700815020252944	1.4592852918415438	5.609322744420745
T2-34b26d46d19e2c3c	82.22597140225473	7.44651289816431	0.0580000977931738	1.7465821086991005	4.075431134722818
T2-75fe5d8f9b0f03c1	80.69267555545933	8.236693309063973	0.05540580253986625	1.8247769231078168	4.624140690576666
T2-74efc6540f4f9ead	81.67010607508539	7.811808489008827	0.050488120054381615	1.6730216503065447	4.275365845560025
T2-2c0976b394406e7f	83.38257839748857	6.457213238356607	0.04004565442263851	1.5023656049418954	3.6935877638542216
T2-x17730bbe1a877da2	82.83111529504174	7.681705254692778	0.03789147748401166	1.4300721564871954	3.953483316592652
T2-x6b696d348ee2cfb9	82.86633977138841	7.456663445724719	0.05611588989566806	1.3764912881629672	4.716961285843733
T2-x2de4475d52d6d53f	81.62113010834148	7.4572597520002475	0.05676521695049862	1.4384922031874419	3.865156823372695
T2-x188e91606881761	82.41230398893957	8.01290872185532	0.07940224477174465	1.8950123365627718	3.186787782611163
T2-x2bdca7ffddcf7285	83.58423552140891	7.120720932200676	0.04900612746567111	1.5176870252922787	3.5405540465660197
T2-5ffdcd3e8e6e70b7	82.05947859506708	7.020719463992557	0.05078437427282824	1.713952606323776	4.960668142937988
T2-3f5bfb7947457c16	82.20648418533753	6.422527587904378	0.06226202579698091	1.8862048716312407	4.242385526895361
T2-x2c4f5ae76ecee307	82.91794110229647	6.9752563760661825	0.05280656837363722	1.4820301262532944	3.4318614120950017
T2-x7bb96d982dcc796b	81.99282421035643	7.136449783619453	0.08947667800460443	1.6640217514567401	2.7679597891401615
T2-42f028ba03560eb1	68.51188902818845	21.747740438469528	0.2827160575770909	1.7641544462868772	2.6826985659607683
T2-x7d4ca0fad9f844e9	85.28845321066366	6.558545970532907	0.05654167329794055	1.5015746415340963	2.778304607417569
T2-6708b6413b6d6b50	80.58595207311929	7.970919847908957	0.2390577747271261	2.1602388771440344	3.1116763153561795
T2-x7c87e59850d303d1	82.88297387269158	7.486990632582134	0.13100371443715222	1.8617214342571131	3.17316835197706
T2-x597c4adc144da2bf	82.33545579570021	6.863639131423092	0.06052741576560872	1.6943067112167853	3.2008935253617152
T2-59a3092be331e8fa	83.45470363814268	7.104740000565482	0.25914889218599574	2.0075580072187167	2.6775628787172985
T2-54f94c6e169d9adc	82.4615973048103	8.504237601484828	0.09049834096477415	1.7872664651820815	2.3752935286109325
T2-x45e709e129e7bcbf	82.79052182996999	8.02056146052697	0.1649891389059313	1.6904173644850515	2.958661515246986
T2-x7068ee6445d4b597	36.57253848772967	51.93833656056957	0.2316723860616186	1.6309429924158583	3.1493562743101613
T2-74855eb1498e3eb8	83.71264496791355	7.099389418187442	0.0452758535738222	1.7235329365779484	3.512803272848385
T2-587dc1ad17152d1	81.83673241852709	7.491184988071634	0.0665063772226159	2.076165747893381	3.8511470599903084
T2-5b7738f9a1e8f385	79.79805281427005	9.238201996074897	0.2268108198713517	1.8142770339640042	2.43164246652838
